2 4807 0.377513 0.000167
2 14431 0.144803 0.000527
2 37956 0.143523 0.001656
2 56760 0.14165 0.002365
2 87735 0.141566 0.003914
2 122566 0.143737 0.00506
2 147421 0.142877 0.006336
2 185965 0.144519 0.007785
2 212909 0.142398 0.00892
2 255526 0.145474 0.01051
2 285847 0.142826 0.015285
2 333309 0.142462 0.014356
2 367266 0.14583 0.018591
2 421400 0.142818 0.01927
2 479708 0.145713 0.021631
2 519859 0.142644 0.027623
2 583248 0.146665 0.026656
2 627892 0.148612 0.030938
2 697062 0.1489 0.033563
2 744835 0.144671 0.038747
2 820314 0.144573 0.041438
2 872561 0.145555 0.044671
2 954779 0.145111 0.044738
2 1011880 0.146862 0.04899
2 1100996 0.150182 0.05255
2 1193290 0.149649 0.055978
2 1257092 0.148308 0.061719
2 1354699 0.147862 0.064576
2 1421102 0.147764 0.069505
2 1523665 0.147965 0.074342
2 1594921 0.150812 0.072535
2 1705788 0.151049 0.07794
2 1779988 0.148353 0.082723
2 1892690 0.149807 0.085117
2 2007063 0.151846 0.090136
2 2083706 0.149073 0.097069
2 2198411 0.155246 0.099853
2 2274826 0.152866 0.104268
2 2387417 0.155968 0.107406
2 2461111 0.152697 0.112377
2 2566960 0.155686 0.114003
2 2634711 0.157374 0.118008
2 2731404 0.153171 0.123997
2 2792076 0.15378 0.122955
2 2879194 0.155683 0.126867
2 2960016 0.156495 0.128958
2 3010729 0.155103 0.132844
2 3081605 0.155372 0.136669
2 3125468 0.154992 0.141603
2 3187368 0.153659 0.140609
2 3225604 0.155716 0.142712
2 3278157 0.154408 0.142447
2 3310972 0.155525 0.140961
2 3358011 0.15757 0.142689
2 3402546 0.156969 0.144816
2 3431415 0.157762 0.146161
2 3472717 0.157678 0.149095
2 3499289 0.156261 0.151474
2 3537021 0.155296 0.153302
2 3561310 0.154588 0.154812
2 3595910 0.154521 0.155641
2 3618207 0.154794 0.157415
2 3650090 0.154783 0.158321
2 3671141 0.1554 0.157126
2 3703702 0.157746 0.157311
2 3749856 0.160408 0.158521
2 3805374 0.157477 0.167762
2 3953415 0.15506 0.17405
2 4096844 0.155796 0.18859
2 4342482 0.165467 0.195483
2 4510812 0.163037 0.206653
2 4759233 0.162575 0.211112
2 4922104 0.165634 0.219785
2 5162179 0.167338 0.22678
2 5413357 0.166826 0.238026
2 5625220 0.167476 0.253668
2 6006861 0.167893 0.262132
2 6260344 0.167518 0.276879
2 6585250 0.171639 0.284437
2 6785981 0.16982 0.295855
2 7031003 0.171197 0.299464
2 7132581 0.168591 0.302579
2 7220397 0.170643 0.305074
2 7250972 0.171006 0.305408
2 7280820 0.17098 0.306211
2 7299050 0.168618 0.305388
2 7308111 0.171468 0.307061
2 7318312 0.170669 0.305728
2 7321757 0.168482 0.313857
2 7324251 0.167849 0.306956
2 7325108 0.171672 0.307449
2 7325912 0.170993 0.306752
2 7326217 0.169653 0.307156
2 7326463 0.168821 0.306538
3 541 0.145383 4.1e-05
3 1779 0.146867 0.000112
3 6618 0.147225 0.000274
3 11265 0.143975 0.000466
3 19691 0.146943 0.000852
3 30016 0.144245 0.001346
3 37803 0.147456 0.001756
3 50682 0.144237 0.002272
3 59958 0.14611 0.004069
3 75626 0.146212 0.003427
3 87427 0.146579 0.005515
3 106578 0.144837 0.004717
3 120994 0.146015 0.008209
3 144862 0.145085 0.007266
3 171920 0.148152 0.008461
3 191150 0.145522 0.009732
3 221958 0.149453 0.010897
3 244019 0.145681 0.012887
3 278867 0.148657 0.013973
3 303055 0.146014 0.018654
3 342310 0.146297 0.016745
3 370116 0.14928 0.018548
3 414805 0.147165 0.022968
3 446689 0.146379 0.022064
3 497332 0.149507 0.025049
3 551591 0.149347 0.028313
3 589477 0.149682 0.034434
3 649519 0.147916 0.033467
3 691221 0.151444 0.036351
3 757306 0.150341 0.038135
3 804885 0.150851 0.041344
3 880601 0.151242 0.045981
3 932900 0.151349 0.046771
3 1013917 0.15272 0.050868
3 1098832 0.153437 0.054276
3 1157194 0.152697 0.058102
3 1247294 0.153732 0.060571
3 1307726 0.153712 0.065529
3 1397597 0.154537 0.069401
3 1456980 0.151585 0.072776
3 1543988 0.152396 0.07489
3 1600287 0.154114 0.078807
3 1683089 0.15258 0.081348
3 1736661 0.152163 0.084469
3 1815278 0.154681 0.087996
3 1891057 0.152501 0.090123
3 1940383 0.155667 0.091699
3 2013433 0.153729 0.095418
3 2061787 0.153966 0.102112
3 2133471 0.156339 0.103536
3 2180339 0.159786 0.106856
3 2248139 0.156186 0.108578
3 2291644 0.158781 0.111098
3 2355529 0.161047 0.113249
3 2417100 0.157746 0.118758
3 2456671 0.156892 0.118716
3 2513548 0.159406 0.120653
3 2549309 0.159358 0.124321
3 2600181 0.157346 0.126815
3 2632747 0.156831 0.128982
3 2680402 0.15755 0.128733
3 2711830 0.160065 0.131024
3 2758525 0.15973 0.132722
3 2790409 0.15937 0.134875
3 2840160 0.159601 0.138992
3 2905332 0.160001 0.140946
3 2974736 0.160072 0.148765
3 3144773 0.160406 0.155813
3 3303996 0.161799 0.168197
3 3575329 0.159946 0.177307
3 3761352 0.162427 0.188705
3 4038938 0.162879 0.202678
3 4222654 0.168735 0.214919
3 4496040 0.166561 0.226745
3 4781968 0.167356 0.239467
3 5017583 0.167861 0.258416
3 5435447 0.172069 0.267049
3 5713319 0.17194 0.285205
3 6075084 0.173799 0.295926
3 6300263 0.170676 0.307976
3 6581883 0.174021 0.315491
3 6707112 0.173928 0.324532
3 6829343 0.174213 0.325611
3 6882031 0.174285 0.3281
3 6944063 0.17516 0.332295
3 6993052 0.174549 0.331999
3 7022133 0.174697 0.336591
3 7061561 0.174797 0.334849
3 7084087 0.174919 0.339837
3 7114086 0.175564 0.342577
3 7132787 0.172319 0.346115
3 7158879 0.172588 0.351922
3 7175035 0.176328 0.347
3 7197304 0.174766 0.348256
4 28 0.15348 3.5e-05
4 174 0.158377 0.000105
4 944 0.154341 0.000314
4 1936 0.15643 0.000525
4 4296 0.157271 0.000928
4 7812 0.154205 0.001392
4 10904 0.158058 0.001816
4 16288 0.153829 0.002426
4 20453 0.157269 0.002854
4 27665 0.154191 0.003615
4 33350 0.156401 0.004131
4 43133 0.157082 0.004974
4 50591 0.154936 0.006975
4 63367 0.158306 0.007734
4 78279 0.155643 0.012858
4 89225 0.155198 0.010344
4 107032 0.157253 0.011621
4 120132 0.154992 0.016209
4 141413 0.15684 0.014883
4 156614 0.157979 0.016661
4 181933 0.159225 0.018
4 200569 0.156106 0.022435
4 231605 0.156011 0.021451
4 254610 0.158853 0.023702
4 292233 0.159489 0.026851
4 334374 0.162083 0.030974
4 364761 0.160296 0.033573
4 414946 0.157294 0.038286
4 450875 0.158441 0.041373
4 509882 0.158048 0.043393
4 553861 0.160796 0.047258
4 625330 0.161211 0.048153
4 675513 0.161648 0.049873
4 754394 0.16177 0.054001
4 838510 0.162277 0.057957
4 896836 0.162407 0.06512
4 987696 0.160331 0.067179
4 1049127 0.164603 0.068662
4 1140606 0.165535 0.073986
4 1201227 0.162149 0.077726
4 1289762 0.165498 0.077832
4 1346862 0.16512 0.084748
4 1430396 0.166116 0.084235
4 1484074 0.165192 0.090148
4 1562196 0.166296 0.093536
4 1636829 0.163339 0.096168
4 1685281 0.16638 0.099052
4 1756761 0.164009 0.101484
4 1803849 0.167162 0.107966
4 1873233 0.166837 0.110551
4 1918573 0.167846 0.116151
4 1984062 0.164425 0.118886
4 2025772 0.164764 0.118946
4 2086992 0.167969 0.121578
4 2145598 0.170111 0.124227
4 2183204 0.171743 0.127043
4 2237264 0.170613 0.129283
4 2271352 0.170704 0.131935
4 2319922 0.172276 0.133601
4 2351048 0.170932 0.135981
4 2396606 0.171493 0.13806
4 2426493 0.171201 0.141527
4 2470318 0.17122 0.145305
4 2499684 0.168341 0.147613
4 2543952 0.168536 0.151857
4 2590900 0.171632 0.151329
4 2626852 0.172002 0.159523
4 2686351 0.174322 0.169178
4 2725862 0.169669 0.179971
4 2776577 0.17242 0.189179
4 2805809 0.172827 0.201717
4 2849726 0.169764 0.21572
4 2880103 0.172958 0.228056
4 2932912 0.173774 0.236446
4 3023298 0.173325 0.253969
4 3130842 0.172079 0.273759
4 3348046 0.175747 0.285626
4 3513820 0.173557 0.303209
4 3782574 0.176086 0.312749
4 3990364 0.180996 0.327367
4 4338647 0.184003 0.334717
4 4555364 0.18177 0.343055
4 4839442 0.186498 0.344636
4 5020844 0.186877 0.351201
4 5277303 0.186035 0.353655
4 5519107 0.186817 0.355075
4 5673301 0.186345 0.361002
4 5898695 0.184561 0.362963
4 6045540 0.186928 0.370833
4 6249923 0.185693 0.368471
4 6383726 0.187907 0.372016
4 6583200 0.187703 0.372232
4 6703546 0.187609 0.377184
4 6816168 0.187993 0.377434
5 0 0.155037 4.6e-05
5 10 0.159347 0.000104
5 76 0.153208 0.000283
5 183 0.157677 0.000456
5 456 0.154371 0.000922
5 916 0.1572 0.001396
5 1454 0.153732 0.001777
5 2474 0.156824 0.002325
5 3375 0.154323 0.002705
5 5050 0.156889 0.003589
5 6508 0.158376 0.004033
5 9280 0.15502 0.004871
5 11648 0.157552 0.006698
5 16389 0.154473 0.009034
5 22693 0.156193 0.008715
5 27915 0.158116 0.010018
5 38001 0.156468 0.012728
5 46416 0.156584 0.013552
5 61130 0.157901 0.014649
5 72620 0.155896 0.018932
5 92152 0.155782 0.017771
5 106870 0.158641 0.01973
5 131671 0.15995 0.021453
5 150084 0.160245 0.0236
5 180264 0.157352 0.032352
5 215058 0.157313 0.030498
5 240555 0.160725 0.033777
5 283614 0.160898 0.036065
5 314747 0.160524 0.039172
5 366896 0.160923 0.041387
5 406212 0.163987 0.045698
5 471015 0.159952 0.050356
5 518075 0.159899 0.053942
5 594338 0.160585 0.058387
5 678221 0.161333 0.06162
5 737607 0.163153 0.06318
5 831827 0.163816 0.069392
5 896529 0.161271 0.073253
5 994983 0.164655 0.073187
5 1060772 0.165495 0.079508
5 1158021 0.163292 0.082201
5 1221355 0.167523 0.085863
5 1314342 0.163675 0.087963
5 1374051 0.166791 0.091881
5 1460846 0.164493 0.095172
5 1543541 0.167483 0.097636
5 1597421 0.167136 0.100688
5 1676212 0.164482 0.103324
5 1727906 0.16707 0.110659
5 1803371 0.168118 0.111896
5 1852306 0.171079 0.115389
5 1922964 0.165437 0.1202
5 1967920 0.166159 0.121271
5 2033617 0.167089 0.122426
5 2096192 0.167915 0.125572
5 2136291 0.172281 0.129266
5 2193830 0.172572 0.130488
5 2230034 0.172049 0.13312
5 2281764 0.172415 0.13459
5 2314774 0.17259 0.137767
5 2363232 0.171831 0.142054
5 2395034 0.16952 0.144222
5 2441527 0.170374 0.146954
5 2472767 0.171887 0.145573
5 2519836 0.172343 0.149155
5 2570024 0.172927 0.151884
5 2608190 0.172551 0.166475
5 2670705 0.17072 0.171181
5 2711944 0.17427 0.183806
5 2764888 0.171346 0.19115
5 2795480 0.173671 0.202989
5 2841265 0.175817 0.218465
5 2872654 0.175532 0.2314
5 2927168 0.175724 0.238982
5 3018871 0.176105 0.252147
5 3127124 0.175736 0.276301
5 3345063 0.178957 0.285136
5 3511240 0.176458 0.303154
5 3780400 0.181182 0.318518
5 3988397 0.179447 0.327959
5 4336972 0.188211 0.335289
5 4553853 0.186853 0.345752
5 4838119 0.189044 0.346921
5 5019643 0.188525 0.353795
5 5276265 0.187415 0.357407
5 5518186 0.18934 0.361527
5 5672446 0.189417 0.365594
5 5897959 0.189389 0.365562
5 6044852 0.192455 0.369599
5 6249288 0.19102 0.372934
5 6383107 0.187427 0.374497
5 6582578 0.192543 0.379179
5 6702939 0.191141 0.385931
5 6815611 0.188289 0.384424
6 0 0.160752 3.8e-05
6 5 0.164122 0.000111
6 18 0.159122 0.000296
6 37 0.161721 0.000498
6 114 0.160279 0.001131
6 259 0.161317 0.001367
6 460 0.161977 0.001775
6 844 0.160726 0.002399
6 1237 0.164225 0.002838
6 1947 0.163846 0.003672
6 2604 0.162578 0.004209
6 3876 0.162986 0.005077
6 5098 0.163126 0.007012
6 7469 0.161035 0.007862
6 10962 0.163595 0.009209
6 13927 0.163672 0.01074
6 19899 0.162355 0.014651
6 25004 0.161568 0.014117
6 34264 0.165833 0.015308
6 41562 0.164444 0.01708
6 53944 0.164748 0.018388
6 63134 0.162632 0.024699
6 78412 0.163111 0.022437
6 89851 0.165096 0.024364
6 108462 0.16583 0.027839
6 129307 0.169061 0.032051
6 144723 0.16745 0.034694
6 170517 0.16845 0.036747
6 189135 0.167597 0.039663
6 220203 0.170921 0.044586
6 243502 0.166038 0.047678
6 282292 0.166665 0.052977
6 310144 0.170344 0.051587
6 355343 0.169168 0.056055
6 404849 0.170154 0.06286
6 440396 0.16818 0.067478
6 499091 0.171476 0.067532
6 540547 0.17146 0.074414
6 606575 0.170098 0.077296
6 652611 0.171951 0.08149
6 724246 0.171044 0.084383
6 773121 0.172691 0.088565
6 848332 0.172897 0.090183
6 899120 0.17231 0.095167
6 974959 0.175115 0.099761
6 1050077 0.176164 0.102223
6 1099809 0.173873 0.1055
6 1174328 0.176799 0.108795
6 1223601 0.175433 0.114738
6 1296426 0.178134 0.117275
6 1343800 0.175881 0.120391
6 1412898 0.176725 0.122929
6 1457083 0.176035 0.126299
6 1521920 0.176942 0.128697
6 1584312 0.177788 0.131659
6 1624351 0.176526 0.134467
6 1682186 0.176707 0.136817
6 1719279 0.177037 0.143115
6 1773112 0.174834 0.143654
6 1808061 0.174974 0.145716
6 1860354 0.177652 0.146929
6 1894823 0.17755 0.149372
6 1947217 0.177885 0.153698
6 1983214 0.175742 0.156077
6 2038454 0.177725 0.159444
6 2098023 0.182147 0.164085
6 2143360 0.181791 0.170321
6 2218646 0.182232 0.179706
6 2269668 0.183264 0.193067
6 2339445 0.181225 0.20214
6 2382841 0.184225 0.213743
6 2449915 0.184587 0.228916
6 2497033 0.185359 0.244169
6 2576612 0.184789 0.250252
6 2696530 0.186317 0.268342
6 2825008 0.183383 0.288018
6 3075060 0.186964 0.302412
6 3263768 0.190267 0.318408
6 3567613 0.188368 0.33183
6 3799132 0.189036 0.347831
6 4182390 0.191423 0.351738
6 4421393 0.196809 0.360597
6 4735036 0.198975 0.362804
6 4932575 0.198393 0.38956
6 5207955 0.20028 0.374516
6 5463848 0.199361 0.377047
6 5625647 0.203758 0.379604
6 5860083 0.20044 0.388912
6 6011906 0.200499 0.388696
6 6222619 0.201806 0.391316
6 6359943 0.201309 0.393822
6 6563906 0.200734 0.39479
6 6686784 0.201 0.398548
6 6802923 0.201174 0.399973
7 0 0.158021 3.5e-05
7 0 0.164335 0.000101
7 0 0.163276 0.000284
7 0 0.15942 0.000493
7 10 0.162925 0.00088
7 28 0.162633 0.001432
7 62 0.159822 0.001836
7 124 0.162607 0.002459
7 183 0.161436 0.002869
7 317 0.16263 0.003699
7 449 0.163277 0.004212
7 715 0.160458 0.005089
7 1014 0.162805 0.007061
7 1567 0.16343 0.007904
7 2440 0.162336 0.01045
7 3167 0.162811 0.010641
7 4629 0.164295 0.012037
7 5822 0.163832 0.014112
7 8187 0.161808 0.017598
7 10113 0.161921 0.017008
7 13811 0.16651 0.01832
7 16648 0.165393 0.020435
7 21849 0.165121 0.021648
7 25970 0.163757 0.025278
7 32950 0.166033 0.032529
7 40873 0.164855 0.034453
7 47100 0.163957 0.037416
7 57845 0.164354 0.039245
7 65971 0.16467 0.042233
7 80406 0.168937 0.043862
7 91552 0.169344 0.045302
7 111481 0.169653 0.048051
7 126643 0.169575 0.051655
7 152421 0.170197 0.059576
7 181071 0.167559 0.064007
7 202505 0.169824 0.064695
7 239442 0.171323 0.070236
7 266404 0.168048 0.074337
7 310732 0.171267 0.078351
7 342126 0.168713 0.081805
7 392056 0.172666 0.085445
7 427198 0.169935 0.089126
7 482730 0.174065 0.09305
7 521868 0.173308 0.095928
7 582838 0.171495 0.099761
7 646936 0.174897 0.102148
7 691293 0.175866 0.105869
7 759783 0.175245 0.108197
7 806951 0.172197 0.116244
7 879595 0.177125 0.116788
7 929105 0.17596 0.120385
7 1002860 0.175464 0.122318
7 1051042 0.177224 0.125963
7 1122922 0.178395 0.127613
7 1193527 0.178189 0.131634
7 1238720 0.176308 0.136307
7 1303944 0.1746 0.139856
7 1346271 0.174678 0.140966
7 1408487 0.17751 0.140092
7 1449080 0.177986 0.144022
7 1510007 0.178138 0.144638
7 1549965 0.17817 0.150089
7 1610533 0.17521 0.153324
7 1652210 0.177912 0.152333
7 1715922 0.178209 0.15811
7 1784250 0.179206 0.162797
7 1834200 0.178437 0.1676
7 1914209 0.178654 0.178677
7 1967278 0.179275 0.191745
7 2043979 0.17786 0.199004
7 2094310 0.180038 0.212731
7 2172802 0.184838 0.228367
7 2227313 0.183658 0.244141
7 2317025 0.182462 0.252578
7 2441776 0.185749 0.267505
7 2565164 0.183891 0.28923
7 2793922 0.186915 0.302011
7 2961289 0.189826 0.320686
7 3241899 0.189284 0.330716
7 3464101 0.189849 0.348411
7 3834512 0.189877 0.352911
7 4067049 0.190544 0.363727
7 4373158 0.195765 0.364299
7 4570516 0.197585 0.372384
7 4862382 0.197574 0.371536
7 5140506 0.19868 0.376151
7 5318345 0.199516 0.382043
7 5576705 0.199172 0.382741
7 5739342 0.198868 0.387213
7 5958163 0.199509 0.385673
7 6105634 0.199221 0.39231
7 6331564 0.199552 0.393745
7 6471919 0.200518 0.396841
7 6619657 0.200005 0.399839
8 0 0.166916 4.2e-05
8 0 0.167432 0.000417
8 0 0.164639 0.000331
8 0 0.166836 0.000535
8 1 0.165029 0.001292
8 6 0.167052 0.00146
8 21 0.168572 0.00191
8 49 0.166808 0.00391
8 84 0.165143 0.002998
8 153 0.167971 0.003923
8 244 0.167838 0.004485
8 417 0.166128 0.005446
8 584 0.169223 0.007583
8 876 0.168743 0.008477
8 1403 0.168296 0.010887
8 1881 0.166743 0.011896
8 2969 0.170255 0.013027
8 3846 0.171017 0.015256
8 5518 0.169114 0.016525
8 6917 0.170064 0.01851
8 9794 0.168421 0.022382
8 12074 0.168667 0.023989
8 16202 0.168709 0.025386
8 19459 0.172837 0.028667
8 25125 0.171119 0.034569
8 31804 0.16969 0.036106
8 37135 0.170017 0.039111
8 46448 0.17083 0.042169
8 53400 0.17527 0.042491
8 65553 0.173317 0.044974
8 74760 0.173844 0.048584
8 91172 0.174534 0.053588
8 103852 0.173458 0.05809
8 125701 0.175108 0.060138
8 151304 0.175871 0.067199
8 171190 0.174024 0.071275
8 205530 0.178571 0.074618
8 230682 0.174909 0.079251
8 272277 0.178091 0.082568
8 301824 0.177014 0.086395
8 348658 0.179916 0.089551
8 381598 0.178618 0.093735
8 433589 0.17867 0.095641
8 470409 0.180223 0.100987
8 527888 0.18191 0.112014
8 588591 0.182158 0.10802
8 630603 0.181955 0.1119
8 695457 0.182746 0.117284
8 739858 0.182035 0.121616
8 808494 0.18293 0.124172
8 855095 0.183349 0.129009
8 925463 0.183689 0.130182
8 971754 0.183225 0.133746
8 1040973 0.184043 0.139728
8 1109203 0.183106 0.141244
8 1152907 0.185174 0.142166
8 1215850 0.185985 0.144553
8 1256704 0.186698 0.149966
8 1316661 0.185941 0.149471
8 1355637 0.186714 0.152167
8 1414196 0.186779 0.155796
8 1452483 0.185707 0.156297
8 1510567 0.185867 0.161862
8 1550597 0.188596 0.160882
8 1611739 0.186072 0.167876
8 1676824 0.185085 0.170572
8 1723993 0.187197 0.180792
8 1799461 0.187542 0.187637
8 1850344 0.185403 0.202103
8 1924369 0.187465 0.213375
8 1972994 0.187365 0.230453
8 2048903 0.186116 0.244922
8 2101598 0.192203 0.257533
8 2188251 0.193598 0.268282
8 2308070 0.193571 0.285919
8 2425208 0.196349 0.311112
8 2639047 0.196541 0.32172
8 2797224 0.198159 0.34127
8 3067724 0.198478 0.355703
8 3283994 0.200651 0.368074
8 3645184 0.200414 0.378337
8 3871742 0.201382 0.384842
8 4170860 0.202605 0.390652
8 4363109 0.209205 0.394605
8 4642249 0.213658 0.398285
8 4902779 0.210573 0.400894
8 5070153 0.210919 0.404998
8 5321486 0.211686 0.409889
8 5482041 0.212801 0.413331
8 5696675 0.213167 0.412389
8 5839526 0.212053 0.417267
8 6060661 0.212491 0.418583
8 6198222 0.216214 0.423499
8 6342809 0.213379 0.425989
9 0 0.165686 3.8e-05
9 0 0.171455 9.9e-05
9 0 0.165587 0.000311
9 0 0.168154 0.000508
9 0 0.169568 0.000925
9 0 0.166436 0.001524
9 0 0.168269 0.001964
9 1 0.170221 0.002644
9 4 0.166577 0.00299
9 14 0.169674 0.00386
9 43 0.170617 0.004432
9 130 0.169515 0.005476
9 210 0.166966 0.007351
9 384 0.169872 0.008189
9 789 0.170242 0.009657
9 1167 0.170466 0.011563
9 2018 0.168458 0.01321
9 2771 0.169545 0.014726
9 4164 0.170707 0.015867
9 5335 0.171852 0.018173
9 7856 0.171101 0.019255
9 9818 0.171948 0.021245
9 13220 0.172175 0.022794
9 15692 0.172161 0.025466
9 19859 0.173919 0.032536
9 24571 0.17304 0.032957
9 28160 0.174007 0.036004
9 34357 0.173186 0.038079
9 38850 0.176847 0.041397
9 46269 0.173652 0.043736
9 51590 0.174149 0.049639
9 60939 0.173747 0.052605
9 68061 0.174827 0.053962
9 80229 0.175825 0.059435
9 94558 0.175218 0.065419
9 105664 0.17795 0.066939
9 124979 0.177284 0.072747
9 139241 0.17833 0.074363
9 162804 0.177718 0.080447
9 180065 0.179436 0.082485
9 208312 0.178152 0.087808
9 228898 0.181813 0.098206
9 262083 0.182221 0.094306
9 286559 0.179006 0.102348
9 325191 0.180925 0.103534
9 366912 0.181393 0.106006
9 396704 0.182367 0.110844
9 444463 0.182258 0.115521
9 477912 0.182418 0.120014
9 529937 0.184191 0.122183
9 565664 0.184657 0.12592
9 620510 0.185393 0.128566
9 658070 0.18405 0.132906
9 717216 0.185326 0.136756
9 777470 0.181873 0.142204
9 817104 0.184522 0.141219
9 875218 0.185239 0.143147
9 912773 0.186373 0.149654
9 967243 0.184793 0.149173
9 1002571 0.185867 0.164865
9 1057541 0.187237 0.159294
9 1094313 0.186884 0.157182
9 1151479 0.188503 0.161549
9 1191256 0.191741 0.162263
9 1253137 0.186895 0.167854
9 1318097 0.187644 0.170801
9 1365140 0.189037 0.180777
9 1439417 0.18787 0.190497
9 1488961 0.188064 0.204437
9 1565444 0.188282 0.21257
9 1618217 0.190031 0.225597
9 1700642 0.189966 0.242182
9 1757965 0.190845 0.258561
9 1850339 0.191596 0.265038
9 1971595 0.191516 0.285151
9 2088610 0.195224 0.308733
9 2305388 0.197405 0.321655
9 2462076 0.197689 0.342619
9 2717882 0.197241 0.356774
9 2917287 0.201236 0.370488
9 3252038 0.201781 0.375269
9 3467663 0.202613 0.384652
9 3760055 0.203815 0.39071
9 3949918 0.203729 0.394988
9 4228805 0.214365 0.399138
9 4503033 0.211212 0.404747
9 4687309 0.21319 0.405814
9 4968817 0.212488 0.405071
9 5154226 0.2108 0.409156
9 5407187 0.211844 0.411056
9 5573223 0.215154 0.415608
9 5833598 0.212102 0.414478
9 6001770 0.218425 0.41873
9 6195733 0.212155 0.421363
