2 1025 0.493383 5.9e-05
2 4041 0.198898 0.00018
2 9071 0.178292 0.000357
2 15963 0.185986 0.000898
2 24892 0.200998 0.00139
2 35831 0.190278 0.001534
2 48890 0.212738 0.003168
2 63897 0.186308 0.002681
2 80885 0.222408 0.006801
2 99960 0.258075 0.008716
2 120909 0.240305 0.005503
2 143928 0.209773 0.011314
2 168989 0.220557 0.009055
2 195940 0.187301 0.009548
2 224549 0.207144 0.012739
2 255572 0.179854 0.015507
2 288649 0.177886 0.014763
2 323760 0.177933 0.0153
2 360796 0.230395 0.027975
2 399892 0.270247 0.018428
2 441115 0.179707 0.020154
2 484055 0.180958 0.022621
2 529366 0.183407 0.026791
2 576442 0.223677 0.028998
2 625246 0.240472 0.057794
2 676550 0.243345 0.05793
2 729452 0.300775 0.051388
2 784440 0.24087 0.039852
2 841109 0.197807 0.066586
2 900681 0.256387 0.041355
2 961357 0.264376 0.045934
2 1024735 0.233503 0.075317
2 1089652 0.181848 0.056213
2 1156616 0.287579 0.091903
2 1225690 0.308179 0.09217
2 1296807 0.181085 0.062402
2 1369777 0.249886 0.115453
2 1444657 0.314712 0.07887
2 1521506 0.211373 0.119461
2 1600548 0.264513 0.13174
2 1681929 0.214597 0.086122
2 1764581 0.212519 0.088601
2 1849509 0.197278 0.099547
2 1936779 0.209501 0.089491
2 2025942 0.265416 0.124927
2 2117388 0.255011 0.115817
2 2210432 0.20152 0.112123
2 2305278 0.202325 0.114768
2 2402123 0.200754 0.112543
2 2501255 0.18968 0.112128
2 2602598 0.190126 0.11761
2 2705792 0.189841 0.119868
2 2810527 0.238585 0.153188
2 2917296 0.191516 0.129588
2 3025723 0.190162 0.133308
2 3136401 0.19381 0.137956
2 3249337 0.190978 0.145162
2 3364842 0.190957 0.145329
2 3481736 0.190789 0.151435
2 3600453 0.191181 0.16133
2 3721093 0.191847 0.162325
2 3844751 0.189535 0.167503
2 3969781 0.192373 0.176052
2 4096804 0.192518 0.180131
2 4225468 0.214469 0.247072
2 4356506 0.223952 0.215863
2 4489244 0.218633 0.217451
2 4624136 0.204813 0.208456
2 4761237 0.246163 0.280245
2 4900421 0.240446 0.266176
2 5041441 0.228429 0.230948
2 5184891 0.205109 0.227423
2 5330454 0.202218 0.246878
2 5477558 0.225859 0.330446
2 5625939 0.241394 0.266853
2 5776333 0.21752 0.296249
2 5929488 0.268933 0.319638
2 6084545 0.208129 0.299666
2 6241434 0.213616 0.282013
2 6400379 0.23779 0.373434
2 6561442 0.203176 0.31107
2 6724262 0.236801 0.297416
2 6889343 0.220225 0.346056
2 7056976 0.268074 0.363842
2 7225562 0.225209 0.332689
2 7396892 0.215988 0.447012
2 7569830 0.23459 0.354349
2 7744453 0.239472 0.476946
2 7921316 0.276887 0.496056
2 8100582 0.329212 0.408736
2 8281810 0.307342 0.441182
2 8465002 0.231541 0.384686
2 8649974 0.238099 0.438051
2 8837061 0.243207 0.40573
3 8 0.202111 1e-05
3 73 0.193742 1.6e-05
3 261 0.235455 3.8e-05
3 657 0.20653 5.6e-05
3 1288 0.185439 9.4e-05
3 2250 0.19712 0.000132
3 3525 0.18159 0.000192
3 5260 0.234711 0.000305
3 7463 0.21144 0.001015
3 10110 0.198275 0.000598
3 13498 0.198081 0.001006
3 17367 0.206083 0.00088
3 21901 0.203175 0.002268
3 27292 0.250624 0.002462
3 33430 0.221173 0.002044
3 40590 0.202033 0.002484
3 48825 0.205504 0.002898
3 58042 0.192217 0.003437
3 68516 0.226415 0.003873
3 79897 0.203687 0.004483
3 92504 0.207356 0.012842
3 106375 0.228625 0.006142
3 121420 0.213116 0.006975
3 137919 0.184245 0.007417
3 156042 0.198868 0.008417
3 175623 0.191928 0.009177
3 196664 0.18346 0.010043
3 219218 0.186975 0.011476
3 243412 0.183699 0.013048
3 269657 0.184788 0.014277
3 297345 0.184745 0.015714
3 326823 0.184974 0.01684
3 358472 0.193678 0.018456
3 392199 0.192723 0.019939
3 427972 0.205656 0.023648
3 465741 0.185634 0.023192
3 505676 0.185749 0.025548
3 547551 0.188794 0.027492
3 591820 0.188225 0.031277
3 638511 0.187092 0.033329
3 687391 0.18678 0.038456
3 739044 0.184529 0.040247
3 793865 0.18966 0.040155
3 850515 0.202102 0.047216
3 910018 0.189666 0.061666
3 972293 0.215917 0.05175
3 1036639 0.196272 0.085821
3 1104752 0.249748 0.073852
3 1174945 0.192869 0.063399
3 1248755 0.208815 0.106472
3 1325214 0.29543 0.087049
3 1405012 0.20879 0.071631
3 1487742 0.294893 0.102794
3 1574080 0.291049 0.127731
3 1663287 0.266202 0.098335
3 1755673 0.284748 0.136499
3 1851857 0.313548 0.106428
3 1950891 0.19199 0.118257
3 2053382 0.296872 0.110111
3 2159222 0.324399 0.120491
3 2269168 0.195915 0.174756
3 2382373 0.239902 0.147443
3 2500069 0.292211 0.122924
3 2621284 0.322271 0.134954
3 2746026 0.197315 0.197144
3 2875223 0.217862 0.171794
3 3007394 0.209872 0.142985
3 3144454 0.238005 0.154501
3 3285202 0.261882 0.187258
3 3430030 0.24216 0.167436
3 3579592 0.326155 0.222731
3 3733147 0.339355 0.243983
3 3890698 0.200947 0.247215
3 4053162 0.228329 0.198465
3 4219564 0.243346 0.231288
3 4390248 0.282622 0.288829
3 4566473 0.225323 0.324679
3 4746620 0.21652 0.241128
3 4931642 0.220493 0.265947
3 5121145 0.216272 0.325007
3 5315502 0.208355 0.272123
3 5514616 0.215046 0.299998
3 5719092 0.21889 0.317689
3 5928845 0.262189 0.361176
3 6143242 0.237274 0.311961
3 6362940 0.250091 0.328945
3 6587591 0.223694 0.307414
3 6817916 0.253249 0.335315
3 7052482 0.276914 0.497689
3 7292534 0.226921 0.370503
3 7538166 0.224283 0.394702
3 7788878 0.291049 0.372222
3 8044936 0.279397 0.415775
3 8307071 0.219252 0.404295
4 0 0.191466 1.2e-05
4 0 0.196121 1.9e-05
4 6 0.225455 3.5e-05
4 27 0.23799 5.8e-05
4 79 0.246386 9.9e-05
4 153 0.203483 0.000221
4 261 0.254518 0.000217
4 438 0.194229 0.000301
4 669 0.19428 0.000384
4 982 0.21272 0.00051
4 1437 0.216575 0.000676
4 2020 0.225551 0.001951
4 2755 0.233998 0.001451
4 3716 0.194567 0.001822
4 4991 0.194779 0.002184
4 6517 0.227188 0.00251
4 8331 0.252853 0.006396
4 10469 0.23615 0.004954
4 12955 0.236125 0.005384
4 15954 0.213233 0.008081
4 19540 0.24185 0.005238
4 23534 0.208759 0.008916
4 28014 0.25616 0.008775
4 33249 0.198618 0.007759
4 39223 0.207262 0.013449
4 45967 0.249158 0.009673
4 53378 0.195849 0.010603
4 61761 0.195131 0.012017
4 71020 0.195394 0.013746
4 81206 0.202484 0.018751
4 92429 0.233684 0.018937
4 105021 0.213207 0.021486
4 118828 0.249921 0.022052
4 133700 0.210623 0.030116
4 150047 0.252768 0.022626
4 167869 0.196596 0.024298
4 187359 0.198556 0.026896
4 208367 0.1998 0.034018
4 231130 0.20005 0.033057
4 255546 0.197209 0.035231
4 282230 0.198432 0.04088
4 310994 0.196182 0.043207
4 341675 0.197591 0.042614
4 374615 0.197958 0.049441
4 409585 0.24236 0.066737
4 447347 0.227613 0.069606
4 487873 0.247812 0.059336
4 530712 0.245618 0.080667
4 576142 0.210032 0.066814
4 624736 0.22153 0.087633
4 676373 0.208358 0.07902
4 730693 0.239738 0.076463
4 788572 0.203212 0.080286
4 850046 0.22039 0.111347
4 914799 0.22327 0.087958
4 983372 0.20501 0.091826
4 1055460 0.266271 0.100635
4 1131315 0.272192 0.126106
4 1211356 0.249996 0.108256
4 1296177 0.204879 0.113215
4 1384934 0.259314 0.148352
4 1477385 0.209505 0.127723
4 1574976 0.272104 0.16219
4 1677759 0.229613 0.174761
4 1784636 0.219912 0.143914
4 1897012 0.208493 0.146422
4 2015421 0.20778 0.155077
4 2138646 0.20934 0.161282
4 2267434 0.210909 0.165154
4 2401935 0.210269 0.197553
4 2542353 0.259119 0.182077
4 2688685 0.256994 0.230184
4 2840925 0.212749 0.20001
4 2999508 0.211643 0.213322
4 3164865 0.21269 0.231743
4 3336610 0.243014 0.226349
4 3515937 0.212979 0.231264
4 3702212 0.217549 0.239597
4 3896513 0.215293 0.26789
4 4096226 0.242268 0.304011
4 4305362 0.22122 0.268625
4 4522193 0.220533 0.277684
4 4746436 0.253453 0.335392
4 4979547 0.227227 0.298336
4 5222002 0.224635 0.306536
4 5471674 0.228547 0.315817
4 5730678 0.224175 0.32603
4 5998170 0.224142 0.339083
4 6275689 0.237082 0.348685
4 6562466 0.226311 0.356013
4 6859138 0.229806 0.377944
4 7166137 0.237158 0.387915
4 7483518 0.227933 0.396913
4 7810550 0.228969 0.452328
5 0 0.20437 1.2e-05
5 0 0.214633 2e-05
5 0 0.195702 4.8e-05
5 1 0.196496 5.4e-05
5 3 0.197182 0.000105
5 5 0.236031 0.000212
5 12 0.254889 0.000259
5 29 0.272764 0.000325
5 55 0.229597 0.000335
5 103 0.267115 0.000503
5 166 0.216812 0.000652
5 253 0.193213 0.001402
5 369 0.190589 0.001507
5 530 0.201064 0.002281
5 744 0.209306 0.002153
5 1015 0.191284 0.004014
5 1390 0.203215 0.005131
5 1855 0.205283 0.003548
5 2476 0.193396 0.004162
5 3204 0.195125 0.004642
5 4081 0.193434 0.005291
5 5093 0.194449 0.006092
5 6339 0.19448 0.007031
5 7812 0.193889 0.008012
5 9578 0.211962 0.012659
5 11712 0.196179 0.009651
5 14189 0.195521 0.010863
5 17040 0.223983 0.01235
5 20317 0.194253 0.013902
5 24095 0.19462 0.015735
5 28468 0.193838 0.020141
5 33333 0.227014 0.02087
5 38895 0.209307 0.019601
5 45201 0.194861 0.023449
5 52350 0.212809 0.02314
5 60259 0.1963 0.024824
5 69111 0.196161 0.027754
5 78997 0.213643 0.034629
5 90063 0.198498 0.033809
5 102368 0.197307 0.036148
5 116029 0.199201 0.041547
5 130976 0.198182 0.042154
5 147461 0.199047 0.047118
5 165333 0.198854 0.046879
5 185013 0.199302 0.052783
5 206271 0.235756 0.094756
5 229677 0.291144 0.094829
5 255189 0.222956 0.061082
5 282991 0.223125 0.075389
5 312794 0.216706 0.067822
5 345392 0.254576 0.087366
5 380864 0.221065 0.096834
5 418625 0.20878 0.082183
5 459566 0.221008 0.087393
5 503709 0.202607 0.091391
5 551017 0.203827 0.095146
5 602006 0.204408 0.101567
5 656238 0.205405 0.105218
5 714668 0.236594 0.137981
5 777348 0.25303 0.127246
5 844180 0.206002 0.12673
5 916213 0.209679 0.135203
5 992674 0.212342 0.146535
5 1073849 0.213182 0.13868
5 1160168 0.208428 0.159065
5 1252301 0.209797 0.15281
5 1349765 0.221153 0.1591
5 1454208 0.209708 0.165364
5 1564285 0.213966 0.172792
5 1680933 0.209622 0.178519
5 1804526 0.2106 0.184732
5 1934701 0.226347 0.20513
5 2072684 0.224004 0.207667
5 2218055 0.219421 0.232964
5 2372175 0.225939 0.221493
5 2535421 0.217194 0.228077
5 2706143 0.221486 0.252593
5 2886926 0.276409 0.267208
5 3077121 0.22672 0.267975
5 3276378 0.221899 0.266907
5 3486457 0.24177 0.301205
5 3707519 0.261305 0.282651
5 3938850 0.223085 0.291696
5 4181528 0.250255 0.301627
5 4436358 0.233261 0.315654
5 4703107 0.230243 0.327714
5 4984162 0.22651 0.349202
5 5276668 0.241459 0.362096
5 5582512 0.239184 0.36352
5 5903830 0.231947 0.376022
5 6239478 0.287657 0.44189
5 6589684 0.2306 0.466142
5 6955526 0.433764 0.588925
5 7338152 0.279172 0.56637
6 0 0.199258 1.2e-05
6 0 0.203614 1.8e-05
6 0 0.20878 3.6e-05
6 0 0.202408 6e-05
6 0 0.200989 0.0001
6 1 0.199868 0.000146
6 2 0.201137 0.000206
6 6 0.200245 0.000287
6 7 0.201477 0.000382
6 11 0.200627 0.000508
6 21 0.200724 0.000661
6 37 0.202064 0.000893
6 58 0.201231 0.001418
6 87 0.201936 0.001803
6 126 0.201087 0.002163
6 175 0.201345 0.002594
6 246 0.201849 0.0032
6 336 0.201394 0.003691
6 477 0.206146 0.004325
6 634 0.202635 0.004851
6 850 0.203713 0.005527
6 1150 0.203827 0.006308
6 1488 0.202704 0.007695
6 1923 0.205101 0.009069
6 2450 0.203799 0.009135
6 3129 0.205958 0.010109
6 3898 0.204069 0.011588
6 4840 0.204577 0.012837
6 5948 0.204049 0.014451
6 7353 0.204163 0.018672
6 9042 0.205231 0.01755
6 10972 0.20478 0.018853
6 13092 0.20611 0.020469
6 15561 0.206465 0.024939
6 18596 0.206339 0.024456
6 21992 0.205854 0.026133
6 25826 0.209561 0.033684
6 30298 0.206773 0.033005
6 35405 0.207617 0.035435
6 41175 0.207729 0.040767
6 47735 0.208172 0.040407
6 55138 0.207719 0.045943
6 63465 0.208436 0.045984
6 72822 0.209974 0.051401
6 83215 0.210233 0.054876
6 94726 0.209527 0.055408
6 107795 0.21198 0.063475
6 122190 0.211075 0.066679
6 138353 0.212715 0.070473
6 156222 0.211436 0.071285
6 175902 0.213802 0.077062
6 197585 0.21291 0.082983
6 221503 0.212804 0.086747
6 247916 0.213755 0.091172
6 276843 0.214029 0.09521
6 308622 0.219115 0.100376
6 343217 0.217477 0.106021
6 381317 0.216382 0.110804
6 422282 0.217879 0.118172
6 467198 0.217344 0.126923
6 515618 0.216909 0.129203
6 568199 0.220441 0.140705
6 625299 0.222409 0.141051
6 687629 0.222744 0.14827
6 754346 0.219843 0.157065
6 826835 0.23701 0.169904
6 904614 0.221574 0.169357
6 988410 0.2319 0.205574
6 1078627 0.23305 0.295276
6 1176557 0.326437 0.256887
6 1280761 0.243326 0.205291
6 1393097 0.257673 0.265139
6 1513023 0.30495 0.218921
6 1642623 0.273893 0.291841
6 1780435 0.2611 0.246664
6 1928113 0.232022 0.242317
6 2085933 0.229399 0.251002
6 2253551 0.228229 0.305812
6 2431841 0.297283 0.287969
6 2622443 0.265107 0.312762
6 2825940 0.284791 0.304184
6 3042594 0.234602 0.300469
6 3271552 0.232365 0.317669
6 3515266 0.263515 0.343602
6 3773689 0.293194 0.402237
6 4048191 0.266348 0.345246
6 4338777 0.240208 0.354885
6 4646231 0.240579 0.364549
6 4971721 0.240476 0.376486
6 5316320 0.24158 0.38684
6 5679268 0.242937 0.472477
6 6063259 0.25598 0.489531
6 6468322 0.316878 0.539765
6 6898163 0.333553 0.602749
7 0 0.208623 1.2e-05
7 0 0.216798 2.1e-05
7 0 0.203986 3.1e-05
7 0 0.200995 5.9e-05
7 0 0.207627 0.000128
7 0 0.209725 0.000151
7 0 0.204981 0.000207
7 0 0.219682 0.000288
7 0 0.220305 0.000418
7 1 0.210627 0.000529
7 1 0.202681 0.000673
7 4 0.201963 0.000901
7 6 0.206264 0.001522
7 12 0.20282 0.001858
7 20 0.204111 0.002145
7 30 0.204014 0.002568
7 42 0.208533 0.003114
7 52 0.203099 0.004182
7 84 0.203034 0.005911
7 116 0.205133 0.004794
7 170 0.208648 0.005432
7 220 0.205633 0.006306
7 302 0.205195 0.007209
7 424 0.206956 0.01189
7 561 0.209159 0.009149
7 754 0.205234 0.010603
7 993 0.205772 0.012947
7 1315 0.210315 0.012665
7 1719 0.206519 0.014324
7 2195 0.206199 0.015659
7 2724 0.206061 0.018099
7 3427 0.212113 0.018586
7 4223 0.207125 0.020389
7 5199 0.206279 0.022155
7 6385 0.210848 0.027094
7 7828 0.208743 0.025987
7 9437 0.209167 0.030722
7 11447 0.209401 0.036245
7 13716 0.211108 0.035254
7 16335 0.20802 0.040588
7 19421 0.208877 0.040737
7 22965 0.213914 0.046044
7 27112 0.209466 0.046122
7 31763 0.210329 0.052008
7 37200 0.219336 0.055661
7 43525 0.21922 0.056969
7 50567 0.216729 0.060685
7 58561 0.216959 0.067387
7 67578 0.214064 0.071456
7 78060 0.213385 0.07814
7 89625 0.218158 0.078832
7 102662 0.214095 0.084472
7 117337 0.219534 0.088253
7 133696 0.21606 0.094548
7 152083 0.218591 0.097978
7 172464 0.224115 0.103244
7 195426 0.220508 0.107933
7 220858 0.227335 0.113672
7 248686 0.219659 0.120536
7 279747 0.21946 0.133466
7 313990 0.219454 0.132419
7 351589 0.223912 0.139827
7 393183 0.227127 0.146969
7 439331 0.221256 0.150886
7 489810 0.229132 0.154987
7 545217 0.223123 0.165464
7 605692 0.229492 0.171307
7 671882 0.223753 0.18114
7 744435 0.230863 0.187758
7 823248 0.224896 0.191818
7 909619 0.23303 0.198884
7 1003060 0.227975 0.210891
7 1104466 0.234118 0.256014
7 1215623 0.24516 0.241109
7 1335553 0.231053 0.236323
7 1465482 0.233794 0.2469
7 1605493 0.230542 0.2586
7 1756722 0.276155 0.26439
7 1919947 0.234129 0.280477
7 2097380 0.271193 0.314351
7 2287765 0.263847 0.314359
7 2492996 0.240917 0.310774
7 2713494 0.250379 0.323585
7 2950405 0.248583 0.323837
7 3205409 0.24233 0.337781
7 3478896 0.237539 0.353982
7 3772035 0.246967 0.371563
7 4085835 0.293373 0.412653
7 4423172 0.244087 0.379185
7 4783470 0.28688 0.39851
7 5167050 0.249295 0.428688
7 5578204 0.279213 0.452041
7 6017150 0.299073 0.43732
7 6484470 0.253684 0.46334
8 0 0.209203 1e-05
8 0 0.209715 1.9e-05
8 0 0.20677 3.6e-05
8 0 0.208803 7.2e-05
8 0 0.209101 0.000116
8 0 0.208997 0.00015
8 1 0.207843 0.000235
8 1 0.206809 0.000298
8 1 0.20735 0.000421
8 2 0.21226 0.000545
8 2 0.237837 0.001113
8 2 0.234452 0.000999
8 2 0.261373 0.001483
8 3 0.222722 0.002786
8 3 0.241789 0.00227
8 5 0.208489 0.002725
8 9 0.25799 0.003237
8 11 0.20854 0.003827
8 19 0.221549 0.004478
8 25 0.231024 0.005062
8 34 0.209247 0.006273
8 56 0.217069 0.006584
8 85 0.243396 0.011277
8 110 0.222855 0.011749
8 144 0.214378 0.009745
8 207 0.216291 0.010935
8 269 0.213672 0.012312
8 365 0.253762 0.017884
8 500 0.21975 0.015617
8 667 0.220044 0.017622
8 866 0.217808 0.018499
8 1145 0.217119 0.020414
8 1451 0.217159 0.022152
8 1846 0.217103 0.02457
8 2312 0.260132 0.025405
8 2850 0.258795 0.027627
8 3508 0.215493 0.032358
8 4328 0.214409 0.03709
8 5366 0.268853 0.038468
8 6548 0.216014 0.039827
8 7952 0.218038 0.042802
8 9702 0.216027 0.047846
8 11755 0.216602 0.048758
8 14103 0.221759 0.053058
8 16858 0.26428 0.05525
8 20058 0.251618 0.066446
8 23736 0.252653 0.077432
8 28208 0.224261 0.09289
8 33299 0.235605 0.074268
8 39276 0.271013 0.075474
8 45972 0.227614 0.081678
8 53703 0.23034 0.089839
8 62356 0.227115 0.092659
8 72330 0.225733 0.096942
8 83832 0.22588 0.107043
8 96737 0.278288 0.122092
8 111236 0.235948 0.112425
8 127682 0.232388 0.118633
8 146260 0.24327 0.12619
8 167237 0.230331 0.133858
8 191079 0.233754 0.138362
8 217519 0.233414 0.150956
8 247581 0.231723 0.155395
8 280704 0.234883 0.163767
8 318046 0.237505 0.169507
8 359412 0.243702 0.201255
8 405301 0.272107 0.185132
8 456517 0.25012 0.19206
8 513508 0.242011 0.200862
8 576185 0.237095 0.204455
8 645610 0.246236 0.213808
8 721927 0.238564 0.218854
8 806862 0.242635 0.229705
8 899375 0.241466 0.244929
8 1001846 0.239192 0.251462
8 1113580 0.243978 0.260272
8 1235620 0.243433 0.271695
8 1370238 0.241955 0.280143
8 1517191 0.241828 0.291831
8 1678092 0.247061 0.300771
8 1853500 0.247727 0.311733
8 2044753 0.249377 0.321005
8 2253095 0.24974 0.332913
8 2480139 0.24897 0.348291
8 2726242 0.250062 0.355259
8 2993082 0.249767 0.370103
8 3282905 0.251429 0.377757
8 3597551 0.255609 0.389162
8 3938318 0.255864 0.407177
8 4306462 0.261302 0.418523
8 4704793 0.2675 0.426977
8 5134259 0.262191 0.450316
8 5597854 0.268115 0.453271
8 6097285 0.264167 0.475754
9 0 0.209739 1.1e-05
9 0 0.211088 2.7e-05
9 0 0.20685 4.9e-05
9 0 0.209737 7.5e-05
9 0 0.209516 0.000116
9 0 0.211792 0.000159
9 0 0.21008 0.000226
9 0 0.213089 0.000304
9 0 0.207739 0.000425
9 0 0.210173 0.00071
9 0 0.211511 0.000723
9 0 0.21187 0.000954
9 0 0.210618 0.001484
9 0 0.20827 0.001897
9 0 0.211882 0.002297
9 0 0.210998 0.002705
9 0 0.214585 0.003198
9 1 0.212276 0.004421
9 1 0.212078 0.004422
9 3 0.210093 0.005077
9 6 0.21309 0.006066
9 9 0.211139 0.006561
9 17 0.211955 0.007695
9 25 0.212751 0.011341
9 35 0.213004 0.009672
9 48 0.213238 0.010854
9 74 0.212458 0.012511
9 108 0.211633 0.013865
9 158 0.21625 0.015288
9 203 0.211996 0.016672
9 271 0.212364 0.018255
9 370 0.215423 0.022163
9 471 0.215777 0.021732
9 634 0.216647 0.024061
9 803 0.217654 0.025477
9 1038 0.215746 0.027787
9 1346 0.2188 0.035115
9 1686 0.217017 0.035203
9 2117 0.220203 0.039726
9 2661 0.216476 0.039913
9 3356 0.221481 0.043218
9 4150 0.218573 0.049768
9 5089 0.218554 0.048809
9 6234 0.222862 0.051583
9 7627 0.221422 0.058197
9 9255 0.221977 0.061281
9 11231 0.220515 0.067218
9 13640 0.223356 0.068671
9 16482 0.223469 0.071053
9 19801 0.227716 0.075674
9 23644 0.2263 0.081896
9 28078 0.225563 0.086744
9 33173 0.224653 0.092012
9 39253 0.22651 0.096458
9 46243 0.226271 0.102219
9 54356 0.227778 0.108206
9 63628 0.227386 0.113268
9 74457 0.232066 0.117751
9 86769 0.234747 0.126615
9 100886 0.228143 0.135506
9 117200 0.234893 0.13862
9 135527 0.23567 0.145294
9 156581 0.230513 0.154465
9 180438 0.235612 0.161636
9 207446 0.235409 0.169151
9 237806 0.235564 0.174695
9 272227 0.239185 0.181978
9 311432 0.241367 0.185179
9 355032 0.239492 0.195247
9 404195 0.239084 0.206044
9 459118 0.243666 0.212314
9 520407 0.239122 0.221569
9 588867 0.246461 0.2305
9 665265 0.238455 0.244536
9 751007 0.242597 0.255244
9 846118 0.241134 0.262566
9 952152 0.240769 0.275294
9 1068875 0.243654 0.282311
9 1198662 0.247069 0.2929
9 1342476 0.244747 0.306077
9 1501754 0.243788 0.314993
9 1676687 0.246267 0.325678
9 1869452 0.249058 0.330526
9 2081926 0.248477 0.34572
9 2315643 0.251008 0.355093
9 2572941 0.256676 0.367666
9 2854124 0.253385 0.374945
9 3164063 0.256617 0.39111
9 3503361 0.252682 0.403729
9 3874406 0.255014 0.419566
9 4280270 0.262581 0.429666
9 4722379 0.264822 0.438503
9 5205232 0.264807 0.45596
9 5731483 0.267582 0.481757
